145
1870
2017
2356
2448
2604
4701
5671
6749
7194
7214
8534
8617
8894
10181
10281
11971
14706
15131
15141
15950
16090
17304
17947
18427
20424
21114
21300
21415
21676
25053
26258
27282
27623
28845
30877
31819
32022
32977
33602
34130
36230
36240
36594
37258
37906
38269
38384
39990
40073
40558
40668
41467
41754
43315
45676
45686
45940
45950
46178
46319
48638
49020
49661
50118
52520
52656
54223
56229
57185
58062
59738
61139
64209
64737
65155
67576
68141
69050
69450
71153
71686
72682
74009
74506
76488
76764
78063
78573
82354
82552
83379
83497
83518
83541
84030
84604
85294
86898
87076
87086
87166
87438
87770
87852
91747
92856
94257
94762
94893
95314
97060
97467
97484
98004
98775
98974
99738
99772
99782
101092
104651
104997
106222
106432
108405
108748
108758
109284
111386
111791
112251
113055
114398
117224
118098
118821
119465
119940
120529
122082
123533
124331
125037
125435
125729
126825
127454
127465
127634
128146
130781
133532
134454
136000
137442
138385
139101
139321
141313
145899
146195
147377
147873
148910
150345
150365
151484
151858
151882
152953
157623
157799
159817
160946
162383
163328
163733
164645
165182
165583
165971
166278
166512
167391
167426
167521
167554
168833
168849
168973
169682
170326
171319
171460
173730
174023
176820
182188
182899
184026
184497
185139
187094
187104
187596
188546
189592
190043
190814
191386
192949
194329
194660
195184
196831
197496
198546
202565
202615
202999
204467
204855
204938
206540
207196
207794
208514
210026
211020
212023
212248
213145
213170
213502
216042
216665
216675
220924
222197
224399
224492
224941
225226
226096
226106
226594
227042
228478
228900
233980
235406
235913
236195
237837
245201
245211
247671
247813
248317
248458
248468
250386
250396
251776
253356
253366
254956
255945
256008
257052
257138
257157
257959
258846
259782
260098
260503
260513
262173
262285
265035
265228
265735
266590
266603
268325
268580
269899
270613
270785
271017
271461
272293
273602
273612
274260
274520
274530
276130
276160
277097
277233
278095
278711
279668
280013
281478
286305
287359
287521
289627
290284
290407
290557
290888
291889
293083
296378
297122
297664
298383
298393
300327
300337
301346
302502
302957
303421
303818
304659
304847
305613
306009
306465
306995
307137
308099
309052
309392
309884
310121
310814
311668
311678
312093
313396
313713
314236
315560
317658
317668
318282
319577
319747
320464
321259
321983
321993
322332
322497
325003
328316
328821
329853
329863
330106
330177
330943
331286
331557
333366
333376
333647
335659
335669
335883
336637
337057
338753
338800
340220
342146
342861
343186
343475
344296
345951
346301
347502
348154
349879
350029
350405
350702
350891
351007
352192
353023
354028
354336
355131
355831
356000
357543
359721
361301
363732
364471
365891
366062
368361
368537
369416
369713
370110
370795
370876
371170
372073
373619
374269
377826
377836
377950
380956
382057
382156
382217
382227
382660
382949
383040
383775
385053
385579
385706
386574
389960
389997
390022
390279
390835
391039
392589
394450
394725
395123
395637
395795
396718
397298
397938
397973
398895
398905
400077
401500
403670
403987
404924
405903
407025
408442
408586
408615
410128
410249
411052
411594
412790
414064
414948
416827
417847
418051
418534
418752
419220
420414
422086
422399
423243
424366
427928
428119
429146
429748
430118
431064
431260
431560
431595
434407
436137
436689
437245
438041
438628
442548
444191
444655
444903
446474
446658
448513
448993
449070
449080
449337
451999
452242
453326
454126
455501
455511
457960
458325
460624
460645
461511
462771
463692
464821
465965
465975
466502
466890
467340
468731
469447
469920
470341
472208
472714
472724
472951
473602
474824
474834
477019
477668
480629
481835
482595
483178
485126
485526
489815
490212
491448
491481
492852
493929
494078
494118
494501
495003
495314
495401
495584
496804
497604
497865
497986
498613
499905
500236
501803
504940
507050
507060
508308
509952
510786
511327
511702
512605
513027
513089
514072
514169
515169
515926
516655
517861
518000
518046
518056
518610
521248
521793
523558
524899
527114
528834
529460
530155
530958
531976
532855
533150
533160
534141
534597
534833
534843
535132
535206
535587
536377
536421
536605
537056
537489
537779
537930
538899
540567
541755
543108
546220
546388
547976
550233
550367
550497
551233
552674
553105
555700
556446
556725
558382
558513
561223
561607
561715
561725
562415
566382
567307
569444
569991
570230
570240
571160
572982
573512
574003
574284
575937
576415
576914
578071
578364
578624
579202
579750
587205
587249
588293
588776
588850
589424
590848
592514
592862
593464
593958
597491
597856
599962
602443
602552
602562
602572
604081
604771
605843
607588
607914
608456
608845
609003
611583
613014
613379
613763
613970
613980
614338
614436
615441
617009
618029
619132
620370
620470
621658
621849
622610
624319
624330
624778
626590
627404
628395
628405
628635
628645
628893
629036
630253
630358
630835
630845
631617
632148
632158
632421
632468
633046
633218
634603
634954
635893
636033
636657
637914
638760
638851
639014
640177
640713
641983
642003
642013
642713
642815
642917
643451
643473
644038
645247
645337
645353
645683
646460
646544
646570
647654
647664
649135
650766
651296
652300
652852
652916
655149
655303
655648
655754
656135
656332
657058
657068
657266
658058
658068
658551
659381
659460
659610
664071
666353
666588
668536
669171
671448
672430
672777
674848
675047
675410
677908
678198
678783
678795
679000
679998
680221
681439
684036
684870
685369
685975
687003
687038
687811
689058
689693
689703
690112
692940
693066
693076
693316
694112
694621
694631
695386
696158
696493
697768
699026
701094
701519
702614
704084
704840
705302
705905
706951
707326
707770
707981
709346
710131
710719
710902
710940
711554
711590
713087
713386
714527
715093
715110
715521
716044
716947
717882
718670
719049
719059
719089
721383
722769
723741
723751
724783
724823
725121
725640
727111
729064
729966
731926
733300
733389
733500
734014
735714
735724
736352
736551
739050
740271
740887
742262
743537
746187
746313
746365
751709
753683
754052
755080
755100
755316
755591
755601
756785
757714
758173
758478
759166
759250
759795
760385
760893
761025
761292
765141
766422
766647
767781
768200
768695
769222
769406
770329
771058
771918
771986
773043
773128
773631
773840
773874
774015
774070
774590
774657
775908
778972
779361
779416
780080
780827
782369
782766
783116
783740
784201
784211
788212
789796
790090
795924
796423
796790
797637
797809
798663
798695
799117
802076
803067
803740
804545
806036
806223
806764
807989
808518
808826
810507
811656
814823
816062
816171
817814
818115
819109
819317
819552
820646
821628
821696
822365
823062
823885
824038
824577
825544
827611
827915
830717
832000
832666
833251
837578
837710
837791
838027
838736
839860
839996
840382
842263
842873
846642
847131
847567
847775
847918
848367
850848
851936
853350
854069
854383
857224
857598
859290
859441
860888
863154